Row ID: Feature1,Feature2,Feature3,Feature4,Feature5,Feature6
4: 0.0,0.0,0.0,0.0,1.0,6.754031803198157E-4,0.0027597031998403345,0.7754813780037169,0.0
0: 1.0,0.019395898866560915,0.999992904048599,0.019224619668212276,0.0,0.0,0.0,0.0,0.0
6: 0.0,0.0,0.0,0.0,0.0027597031998403345,0.5027728848147949,1.0,0.17246103298409865,0.4848887890456292
8: 0.0,0.0,0.0,0.0,0.0,0.3804793043549113,0.4848887890456292,6.110468927176034E-4,1.0
2: 0.999992904048599,0.017652913203941696,1.0,0.017386628093878465,0.0,0.0,0.0,0.0,0.0
1: 0.019395898866560915,1.0,0.017652913203941696,0.9999976093687035,0.0,0.0,0.0,0.0,0.0
3: 0.019224619668212276,0.9999976093687035,0.017386628093878465,1.0,0.0,0.0,0.0,0.0,0.0
7: 0.0,0.0,0.0,0.0,0.7754813780037169,0.08943201444054504,0.17246103298409865,1.0,6.110468927176034E-4
5: 0.0,0.0,0.0,0.0,6.754031803198157E-4,1.0,0.5027728848147949,0.08943201444054504,0.3804793043549113Laplacian Matrix
Row ID: Feature1,Feature2,Feature3,Feature4,Feature5,Feature6
4: 0.0,0.0,0.0,0.0,1.778916484383877,0.0012654471096676299,0.0054132316359177274,1.4765552259762467,0.0
0: 2.038613422583372,0.03952554015318532,2.0368076938007307,0.03917229445646204,0.0,0.0,0.0,0.0,0.0
6: 0.0,0.0,0.0,0.0,0.0054132316359177274,1.0387030791835463,2.1628824100443635,0.3620828702606618,0.9741189447696634
8: 0.0,0.0,0.0,0.0,0.0,0.7301087415852273,0.9741189447696635,0.0011915944564880902,1.8659791402932582
2: 2.036807693800731,0.03594202300157524,2.035032445346419,0.03539605387599658,0.0,0.0,0.0,0.0,0.0
1: 0.03952554015318532,2.037046421439207,0.03594202300157524,2.0368227582310836,0.0,0.0,0.0,0.0,0.0
3: 0.03917229445646204,2.0368227582310836,0.03539605387599657,2.036608857130794,0.0,0.0,0.0,0.0,0.0
7: 0.0,0.0,0.0,0.0,1.4765552259762467,0.17934805546958998,0.3620828702606619,2.037985472321078,0.0011915944564880902
5: 0.0,0.0,0.0,0.0,0.0012654471096676299,1.973359606790571,1.0387030791835463,0.17934805546959,0.7301087415852273Dimensionally reduced Matrix. Waiting to be processed by KMeans
Row ID: Feature1, Feature2, Feature3
4:-0.28811847493305415,0.25442497443376355,-0.9231769477118836
0:-0.7590730644678123,0.32788014018188544,0.5624079448885406
6:-0.39473024712058374,0.2931900777666412,-0.8707626601475937
8:-0.3914443234664316,0.2923400861942991,-0.8725300084408659
2:-0.7582635533727022,0.32949627118041036,0.5625554114083419
1:-0.44435762105976406,-0.8919516980630587,-0.08347737974165927
3:-0.4441917310387105,-0.8920231946913827,-0.08359620930050385
7:-0.3363472685502551,0.2721597103301687,-0.9015539956163364
5:-0.4559258201107401,0.3112938590652371,-0.8338032021194337